# Prediction for LMKAN at t=0.75
-3.034801222383975983e-03
6.243399344384670258e-03
1.540356781333684921e-02
2.445277571678161621e-02
3.339764475822448730e-02
4.224491864442825317e-02
5.100092291831970215e-02
5.967175960540771484e-02
6.826358288526535034e-02
7.678176462650299072e-02
8.523191511631011963e-02
9.361910074949264526e-02
1.019482910633087158e-01
1.102241352200508118e-01
1.184505969285964966e-01
1.266318857669830322e-01
1.347713917493820190e-01
1.428726911544799805e-01
1.509382724761962891e-01
1.589706838130950928e-01
1.669721007347106934e-01
1.749439239501953125e-01
1.828875392675399780e-01
1.908035278320312500e-01
1.986919790506362915e-01
2.065526396036148071e-01
2.143847048282623291e-01
2.221867144107818604e-01
2.299564331769943237e-01
2.376916855573654175e-01
2.453891336917877197e-01
2.530448734760284424e-01
2.606547474861145020e-01
2.682136297225952148e-01
2.757160365581512451e-01
2.831559181213378906e-01
2.905263900756835938e-01
2.978202700614929199e-01
3.050296604633331299e-01
3.121463358402252197e-01
3.191612064838409424e-01
3.260653018951416016e-01
3.328485488891601562e-01
3.395009338855743408e-01
3.460117578506469727e-01
3.523699939250946045e-01
3.585641384124755859e-01
3.645826280117034912e-01
3.704131543636322021e-01
3.760429620742797852e-01
3.814587891101837158e-01
3.866473436355590820e-01
3.915943205356597900e-01
3.962847888469696045e-01
4.007035791873931885e-01
4.048343598842620850e-01
4.086604118347167969e-01
4.121636450290679932e-01
4.153255522251129150e-01
4.181263744831085205e-01
4.205453693866729736e-01
4.225607216358184814e-01
4.241494536399841309e-01
4.252876937389373779e-01
4.259504973888397217e-01
4.261115789413452148e-01
4.257439374923706055e-01
4.248198270797729492e-01
4.233102500438690186e-01
4.211863279342651367e-01
4.184182584285736084e-01
4.149763882160186768e-01
4.108310639858245850e-01
4.059529602527618408e-01
4.003142416477203369e-01
3.938874304294586182e-01
3.866471946239471436e-01
3.785706162452697754e-01
3.696367442607879639e-01
3.598289191722869873e-01
3.491331636905670166e-01
3.375405967235565186e-01
3.250474631786346436e-01
3.116548657417297363e-01
2.973702549934387207e-01
2.822076082229614258e-01
2.661866843700408936e-01
2.493355870246887207e-01
2.316877543926239014e-01
2.132849991321563721e-01
1.941751241683959961e-01
1.744116097688674927e-01
1.540543437004089355e-01
1.331684887409210205e-01
1.118233948945999146e-01
9.009151160717010498e-02
6.804837286472320557e-02
4.577085003256797791e-02
2.333605289459228516e-02
8.216788992285728455e-04
