# Prediction for LMKAN at t=1.0
1.199617050588130951e-03
9.181222878396511078e-03
1.698897778987884521e-02
2.463175356388092041e-02
3.211797028779983521e-02
3.945641219615936279e-02
4.665514826774597168e-02
5.372227728366851807e-02
6.066580116748809814e-02
6.749327480792999268e-02
7.421221584081649780e-02
8.082970231771469116e-02
8.735260367393493652e-02
9.378753602504730225e-02
1.001407802104949951e-01
1.064184010028839111e-01
1.126258894801139832e-01
1.187687367200851440e-01
1.248519271612167358e-01
1.308800280094146729e-01
1.368574947118759155e-01
1.427879631519317627e-01
1.486752182245254517e-01
1.545221805572509766e-01
1.603315621614456177e-01
1.661057174205780029e-01
1.718462258577346802e-01
1.775544583797454834e-01
1.832312047481536865e-01
1.888766586780548096e-01
1.944905370473861694e-01
2.000717669725418091e-01
2.056191861629486084e-01
2.111304849386215210e-01
2.166029512882232666e-01
2.220333516597747803e-01
2.274173498153686523e-01
2.327504158020019531e-01
2.380270212888717651e-01
2.432408928871154785e-01
2.483853101730346680e-01
2.534525394439697266e-01
2.584343850612640381e-01
2.633217275142669678e-01
2.681049108505249023e-01
2.727735936641693115e-01
2.773166596889495850e-01
2.817224562168121338e-01
2.859787642955780029e-01
2.900727093219757080e-01
2.939908206462860107e-01
2.977193295955657959e-01
3.012437522411346436e-01
3.045494854450225830e-01
3.076209127902984619e-01
3.104428648948669434e-01
3.129991292953491211e-01
3.152735531330108643e-01
3.172496259212493896e-01
3.189105093479156494e-01
3.202391564846038818e-01
3.212185204029083252e-01
3.218311071395874023e-01
3.220594823360443115e-01
3.218862712383270264e-01
3.212937116622924805e-01
3.202647864818572998e-01
3.187820017337799072e-01
3.168286681175231934e-01
3.143878877162933350e-01
3.114440441131591797e-01
3.079816401004791260e-01
3.039861321449279785e-01
2.994443178176879883e-01
2.943439781665802002e-01
2.886745631694793701e-01
2.824271917343139648e-01
2.755946218967437744e-01
2.681721150875091553e-01
2.601572275161743164e-01
2.515500187873840332e-01
2.423535287380218506e-01
2.325734198093414307e-01
2.222186774015426636e-01
2.113016396760940552e-01
1.998373568058013916e-01
1.878445148468017578e-01
1.753450036048889160e-01
1.623636633157730103e-01
1.489284187555313110e-01
1.350700706243515015e-01
1.208219826221466064e-01
1.062196716666221619e-01
9.130090475082397461e-02
7.610528171062469482e-02
6.067398190498352051e-02
4.504885524511337280e-02
2.927319705486297607e-02
1.339052524417638779e-02
-2.555408515036106110e-03
