# Prediction for LMKAN at t=0.25
6.230082362890243530e-05
1.635771989822387695e-02
3.260229527950286865e-02
4.879649728536605835e-02
6.494014710187911987e-02
8.103342354297637939e-02
9.707559645175933838e-02
1.130660623311996460e-01
1.290039122104644775e-01
1.448878645896911621e-01
1.607165485620498657e-01
1.764886379241943359e-01
1.922025978565216064e-01
2.078567296266555786e-01
2.234494239091873169e-01
2.389794141054153442e-01
2.544446885585784912e-01
2.698439955711364746e-01
2.851758599281311035e-01
3.004388213157653809e-01
3.156313598155975342e-01
3.307521939277648926e-01
3.457996547222137451e-01
3.607724010944366455e-01
3.756681978702545166e-01
3.904852271080017090e-01
4.052208065986633301e-01
4.198716878890991211e-01
4.344346523284912109e-01
4.489047229290008545e-01
4.632768332958221436e-01
4.775442779064178467e-01
4.916996061801910400e-01
5.057338476181030273e-01
5.196367502212524414e-01
5.333967208862304688e-01
5.470002293586730957e-01
5.604329109191894531e-01
5.736777782440185547e-01
5.867177248001098633e-01
5.995332002639770508e-01
6.121035814285278320e-01
6.244074106216430664e-01
6.364217996597290039e-01
6.481236219406127930e-01
6.594884395599365234e-01
6.704919934272766113e-01
6.811089515686035156e-01
6.913152933120727539e-01
7.010858058929443359e-01
7.103961706161499023e-01
7.192221283912658691e-01
7.275404334068298340e-01
7.353273630142211914e-01
7.425600886344909668e-01
7.492161989212036133e-01
7.552730441093444824e-01
7.607083320617675781e-01
7.654993534088134766e-01
7.696226239204406738e-01
7.730547785758972168e-01
7.757703065872192383e-01
7.777427434921264648e-01
7.789441347122192383e-01
7.793433666229248047e-01
7.789077758789062500e-01
7.776012420654296875e-01
7.753850817680358887e-01
7.722164392471313477e-01
7.680492997169494629e-01
7.628339529037475586e-01
7.565170526504516602e-01
7.490417361259460449e-01
7.403482198715209961e-01
7.303736209869384766e-01
7.190538644790649414e-01
7.063237428665161133e-01
6.921184062957763672e-01
6.763752698898315430e-01
6.590358018875122070e-01
6.400462388992309570e-01
6.193618774414062500e-01
5.969478487968444824e-01
5.727827548980712891e-01
5.468602776527404785e-01
5.191906690597534180e-01
4.898038208484649658e-01
4.587502777576446533e-01
4.261015653610229492e-01
3.919504880905151367e-01
3.564115166664123535e-01
3.196181952953338623e-01
2.817215621471405029e-01
2.428897917270660400e-01
2.033023387193679810e-01
1.631498932838439941e-01
1.226299703121185303e-01
8.194290846586227417e-02
4.129042848944664001e-02
8.708452805876731873e-04
