# Prediction for LMKAN at t=0.5
-3.386447206139564514e-04
1.138687785714864731e-02
2.303969860076904297e-02
3.462336957454681396e-02
4.614119231700897217e-02
5.759596824645996094e-02
6.899054348468780518e-02
8.032722771167755127e-02
9.160836040973663330e-02
1.028355658054351807e-01
1.140104159712791443e-01
1.251342594623565674e-01
1.362079679965972900e-01
1.472321003675460815e-01
1.582068204879760742e-01
1.691325604915618896e-01
1.800085455179214478e-01
1.908343434333801270e-01
2.016089558601379395e-01
2.123313695192337036e-01
2.229998707771301270e-01
2.336126863956451416e-01
2.441679537296295166e-01
2.546631991863250732e-01
2.650960981845855713e-01
2.754638195037841797e-01
2.857635617256164551e-01
2.959924638271331787e-01
3.061472773551940918e-01
3.162249922752380371e-01
3.262221217155456543e-01
3.361356258392333984e-01
3.459621965885162354e-01
3.556982576847076416e-01
3.653405308723449707e-01
3.748857975006103516e-01
3.843305706977844238e-01
3.936711251735687256e-01
4.029038846492767334e-01
4.120248556137084961e-01
4.210298657417297363e-01
4.299142658710479736e-01
4.386728703975677490e-01
4.472999274730682373e-01
4.557889401912689209e-01
4.641325175762176514e-01
4.723221063613891602e-01
4.803484380245208740e-01
4.882004559040069580e-01
4.958658516407012939e-01
5.033309459686279297e-01
5.105803012847900391e-01
5.175969004631042480e-01
5.243620872497558594e-01
5.308551788330078125e-01
5.370539426803588867e-01
5.429340004920959473e-01
5.484695434570312500e-01
5.536327362060546875e-01
5.583939552307128906e-01
5.627219080924987793e-01
5.665836334228515625e-01
5.699441432952880859e-01
5.727673172950744629e-01
5.750145316123962402e-01
5.766464471817016602e-01
5.776212811470031738e-01
5.778964757919311523e-01
5.774269104003906250e-01
5.761665105819702148e-01
5.740675926208496094e-01
5.710814595222473145e-01
5.671573877334594727e-01
5.622445344924926758e-01
5.562907457351684570e-01
5.492437481880187988e-01
5.410516858100891113e-01
5.316635966300964355e-01
5.210295915603637695e-01
5.091027617454528809e-01
4.958398640155792236e-01
4.812018573284149170e-01
4.651570022106170654e-01
4.476804137229919434e-01
4.287562668323516846e-01
4.083796441555023193e-01
3.865579664707183838e-01
3.633120059967041016e-01
3.386771380901336670e-01
3.127048909664154053e-01
2.854622602462768555e-01
2.570333778858184814e-01
2.275173664093017578e-01
1.970289200544357300e-01
1.656958758831024170e-01
1.336580365896224976e-01
1.010650843381881714e-01
6.807325780391693115e-02
3.484204784035682678e-02
1.533805392682552338e-03
