# Numerical Solution at t=1.0
0.000000000000000000e+00
6.718687264900982323e-03
1.344635153617670074e-02
2.015065162984645136e-02
2.688183721113792876e-02
3.356631468757755032e-02
4.029544920130329749e-02
4.695457178052767772e-02
5.367589360283128025e-02
6.030395879392943387e-02
6.701144198764938387e-02
7.360250079007962798e-02
8.028977643417557764e-02
8.683755299985985998e-02
9.349782579389209758e-02
9.999563190887007791e-02
1.066215909088650687e-01
1.130622341283464838e-01
1.196459564492509259e-01
1.260216406979824122e-01
1.325544870028149969e-01
1.388567044393756722e-01
1.453292050327217588e-01
1.515486179792129018e-01
1.579503483416048459e-01
1.640766601091254717e-01
1.703961047605151435e-01
1.764179182687527214e-01
1.826423219484488714e-01
1.885469851612908698e-01
1.946621904772146416e-01
2.004356278766547539e-01
2.064258988322949795e-01
2.120524284566179252e-01
2.179002596391849678e-01
2.233623956513158537e-01
2.290483073955371929e-01
2.343265487635396438e-01
2.398288693359570400e-01
2.449014760477181418e-01
2.501961128777088206e-01
2.550388722315300449e-01
2.600990755066289184e-01
2.646850624816423081e-01
2.694811860914186341e-01
2.737805236745565751e-01
2.782797905979162989e-01
2.822594182967841370e-01
2.864257001485863707e-01
2.900491618152686857e-01
2.938427854548769091e-01
2.970700510305815945e-01
3.004476489178877774e-01
3.032349887948014855e-01
3.061494141442223094e-01
3.084493494844510186e-01
3.108496821286786949e-01
3.126110395481074278e-01
3.144427135888778202e-01
3.156108178469099190e-01
3.168159072990843206e-01
3.173329506024121227e-01
3.178506537946443888e-01
3.176562843746995046e-01
3.174236510797002753e-01
3.164558259307688193e-01
3.154087720147441543e-01
3.136049178969967377e-01
3.116795693842667192e-01
3.089780909633574879e-01
3.061124912754871197e-01
3.024546539873130269e-01
2.985908531266611154e-01
2.939230494532706905e-01
2.890095706243428486e-01
2.832859507235319096e-01
2.772805974448110944e-01
2.704660080642742881e-01
2.633389334002000370e-01
2.554120636389903831e-01
2.471489745821011941e-01
2.381055561455156788e-01
2.287108743384727583e-01
2.185667325842317044e-01
2.080664838168130581e-01
1.968601915889809928e-01
1.853043593334172678e-01
1.730992176243768832e-01
1.605632800403947180e-01
1.474483477261691600e-01
1.340337323967882299e-01
1.201236599399655991e-01
1.059569026464404345e-01
9.139039600382650730e-02
7.662088039487648106e-02
6.155772928510166997e-02
4.635400740595627123e-02
3.097074675113833248e-02
1.551558237947200936e-02
1.224646799147353207e-16
