# Numerical Solution at t=0.25
0.000000000000000000e+00
1.617050026459344869e-02
3.238153473019840523e-02
4.849469007158251771e-02
6.472923863027237046e-02
8.076835282136100858e-02
9.700908985551072450e-02
1.129574861392177582e-01
1.291866818189578714e-01
1.450276063264242243e-01
1.612270239740901390e-01
1.769435460773300661e-01
1.930943342024599996e-01
2.086692421716973000e-01
2.247518197034725496e-01
2.401675098820441057e-01
2.561614430121040842e-01
2.713998005243991041e-01
2.872836694182325790e-01
3.023259381843982907e-01
3.180771916197762672e-01
3.329038311597336541e-01
3.484986269010171833e-01
3.630891530639373532e-01
3.785021814761806436e-01
3.928349878238950321e-01
4.080392758649867280e-01
4.220914319629722189e-01
4.370581242605836025e-01
4.508051465834085336e-01
4.655032598026736523e-01
4.789188503398530417e-01
4.933149964769458218e-01
5.063707434324085099e-01
5.204288170334001595e-01
5.330938512575181809e-01
5.467746748751037833e-01
5.590152748754584344e-01
5.722761963669514840e-01
5.840553339553820056e-01
5.968497685449005719e-01
6.081265864662327436e-01
6.204034959272909378e-01
6.311327082953904766e-01
6.428360092919883639e-01
6.529672155102429487e-01
6.640351092714282810e-01
6.735120126047990929e-01
6.838762290064956950e-01
6.926357524904674934e-01
7.022207037238249461e-01
7.101919991954614986e-01
7.189138421410579127e-01
7.260171936258023040e-01
7.337828066907211566e-01
7.399284382081648959e-01
7.466343288679613277e-01
7.517211402748593674e-01
7.572523153688481834e-01
7.611665898138102460e-01
7.653954435664240830e-01
7.680095984534409670e-01
7.707949052689904157e-01
7.719663974119304051e-01
7.731525397424106050e-01
7.727230865020939810e-01
7.721397040442199433e-01
7.699350466186681841e-01
7.673973619022564918e-01
7.632278734762254491e-01
7.585380279253769453e-01
7.522005531912140386e-01
7.451503695542337491e-01
7.364317622329574764e-01
7.268074191772585513e-01
7.154903009358480892e-01
7.030794390431833740e-01
6.889507060689862294e-01
6.735524455869817961e-01
6.564149563850252278e-01
6.378531503099386102e-01
6.175407914693195055e-01
5.956805149735541205e-01
5.720764168101768465e-01
5.468431715969572782e-01
5.199002145972370093e-01
4.913006097498594515e-01
4.610625625690935592e-01
4.292043973069539775e-01
3.958251790557255623e-01
3.609340664994901138e-01
3.246919480717903039e-01
2.871211403928874972e-01
2.484244784833371522e-01
2.086546748463945777e-01
1.680362806635745110e-01
1.266631376387015173e-01
8.476174997812130352e-02
4.247057770932854276e-02
1.224646799147353207e-16
