# Numerical Solution at t=0.5
0.000000000000000000e+00
1.120007691913215732e-02
2.240823163451665170e-02
3.359318754952793362e-02
4.480233466346065369e-02
5.596510848415293948e-02
6.716805998716177117e-02
7.830151171630925222e-02
8.949091490329150189e-02
1.005877623274062105e-01
1.117560346899727081e-01
1.228087863834013693e-01
1.339480460256211869e-01
1.449489291532917445e-01
1.560509191433161191e-01
1.669918003893619274e-01
1.780478052772700714e-01
1.889201030189008590e-01
1.999208555168377199e-01
2.107154410999218519e-01
2.216510166284748895e-01
2.323581022771366578e-01
2.432177987253978657e-01
2.538268092256023012e-01
2.645990088444328814e-01
2.750984336737933300e-01
2.857704435153987643e-01
2.961476655414054804e-01
3.067055322672080364e-01
3.169466284982205284e-01
3.273749226970799064e-01
3.374644318422093114e-01
3.477459962322965170e-01
3.576666470105888118e-01
3.677823020477266613e-01
3.775146952956890400e-01
3.874428947971783610e-01
3.969651314826850297e-01
4.066815599345671717e-01
4.159688062421174060e-01
4.254459085518730865e-01
4.344698883385648691e-01
4.436763220252906148e-01
4.524047262844051454e-01
4.613047256204970137e-01
4.697005283212915550e-01
4.782531699865598118e-01
4.862738400662769966e-01
4.944322007856344903e-01
5.020288015568378226e-01
5.097390004453885570e-01
5.168551708137032463e-01
5.240552934096305293e-01
5.306261108440928354e-01
5.372450189585872282e-01
5.431957531385822602e-01
5.491517958490188533e-01
5.543965756306969972e-01
5.595962334331571197e-01
5.640366698230887543e-01
5.683731878531459447e-01
5.718970238619424107e-01
5.752491230512036813e-01
5.777290194848750948e-01
5.799598182941712032e-01
5.812524342554787893e-01
5.822087693371286177e-01
5.821543579758992060e-01
5.816667593964037763e-01
5.800895716932049639e-01
5.779732239982287023e-01
5.746830908321486353e-01
5.707401874005855191e-01
5.655357218380221429e-01
5.595596819264717636e-01
5.522335905864373951e-01
5.440156325310129271e-01
5.343626183841292399e-01
5.237011350719062985e-01
5.115287761213291873e-01
4.982417987740296872e-01
4.833845548734323483e-01
4.673252768250370504e-01
4.496613737399142163e-01
4.307362104753594823e-01
4.102065649451577811e-01
3.883945611971045819e-01
3.650221830251615396e-01
3.403938173136959455e-01
3.143013695291874132e-01
2.870341086445071244e-01
2.584567226981071553e-01
2.288442752835700977e-01
1.981345584194534049e-01
1.665869234600030335e-01
1.342095931851584045e-01
1.012418779396542928e-01
6.775671559638574148e-02
3.396630193886006344e-02
1.224646799147353207e-16
