# Numerical Solution at t=0.75
0.000000000000000000e+00
8.468887023554713331e-03
1.693985699937367029e-02
2.540153896428367503e-02
3.386944581192563586e-02
4.231876080435425375e-02
5.077837032309945320e-02
5.921005184492864754e-02
6.765597583579693874e-02
7.606458565129829708e-02
8.449121290493005754e-02
9.287107008022460475e-02
1.012724927645912293e-01
1.096175973912170698e-01
1.179875312810095417e-01
1.262914812683880172e-01
1.346231781373751213e-01
1.428790773240102285e-01
1.511652276730192923e-01
1.593655833434890479e-01
1.675982074609578820e-01
1.757348151666248692e-01
1.839051403180213262e-01
1.919689536867521529e-01
2.000672750074073414e-01
2.080482579964168521e-01
2.160637804258905559e-01
2.239507392301805788e-01
2.318713975853283482e-01
2.396517891745836848e-01
2.474640432284277713e-01
2.551237572663543340e-01
2.628123585033611542e-01
2.703354692324966280e-01
2.778831958204950880e-01
2.852516804111441817e-01
2.926390369116736445e-01
2.998324568296685255e-01
3.070373353252062176e-01
3.140324775433566140e-01
3.210297772772870983e-01
3.278002527387105514e-01
3.345614561561326972e-01
3.410772539249107838e-01
3.475699583185560271e-01
3.537969554936489791e-01
3.599843614902704658e-01
3.658837914267448754e-01
3.717241525340667652e-01
3.772520374758021044e-01
3.826980791381607294e-01
3.878046383334500802e-01
3.928029607536835388e-01
3.974320118584056538e-01
4.019224986077605255e-01
4.060108790620546304e-01
4.099261435973449164e-01
4.134031900537609716e-01
4.166681050182259316e-01
4.194552430711000479e-01
4.219866128513873882e-01
4.239971263240249755e-01
4.257035816546401730e-01
4.268426502063532024e-01
4.276248640330012618e-01
4.277899788783350310e-01
4.275413238056961496e-01
4.266232119713410098e-01
4.252309989014142477e-01
4.231152034633781645e-01
4.204626544845871394e-01
4.170319267951154152e-01
4.130010372939044161e-01
4.081386907190799329e-01
4.026141186141327655e-01
3.962084635958230128e-01
3.890825388743869850e-01
3.810324573422972372e-01
3.722113241120061367e-01
3.624329396393436986e-01
3.518437195176210008e-01
3.402779743857545225e-01
3.278766739164459265e-01
3.144974395760722907e-01
3.002771251777189843e-01
2.850992646345275050e-01
2.690978197642762137e-01
2.521844202225176357e-01
2.344910195578242817e-01
2.159588665623822235e-01
1.967182016069438100e-01
1.767405253207969540e-01
1.561538478786618223e-01
1.349594865776191921e-01
1.132817405933718019e-01
9.115016190671336449e-02
6.868285801435698723e-02
4.593494086943504529e-02
2.301495336075603040e-02
1.224646799147353207e-16
