# Prediction for PIKAN at t=0.5
-2.400726079940795898e-04
1.099267601966857910e-02
2.219470590353012085e-02
3.337606042623519897e-02
4.454037547111511230e-02
5.569005757570266724e-02
6.682686507701873779e-02
7.795159518718719482e-02
8.906369656324386597e-02
1.001619249582290649e-01
1.112443655729293823e-01
1.223087161779403687e-01
1.333522647619247437e-01
1.443722546100616455e-01
1.553654670715332031e-01
1.663286685943603516e-01
1.772581636905670166e-01
1.881508529186248779e-01
1.990051716566085815e-01
2.098197340965270996e-01
2.205929160118103027e-01
2.313233315944671631e-01
2.420098632574081421e-01
2.526516020298004150e-01
2.632477581501007080e-01
2.737965583801269531e-01
2.842932343482971191e-01
2.947316467761993408e-01
3.051057457923889160e-01
3.154097795486450195e-01
3.256384432315826416e-01
3.357867002487182617e-01
3.458501100540161133e-01
3.558243513107299805e-01
3.657053709030151367e-01
3.754890561103820801e-01
3.851716220378875732e-01
3.947489857673645020e-01
4.042170047760009766e-01
4.135713279247283936e-01
4.228072464466094971e-01
4.319200515747070312e-01
4.409044384956359863e-01
4.497544169425964355e-01
4.584631323814392090e-01
4.670228958129882812e-01
4.754231572151184082e-01
4.836476445198059082e-01
4.916788935661315918e-01
4.994994699954986572e-01
5.070914626121520996e-01
5.144373178482055664e-01
5.215191841125488281e-01
5.283188223838806152e-01
5.348184704780578613e-01
5.409997701644897461e-01
5.468416810035705566e-01
5.523182153701782227e-01
5.574010610580444336e-01
5.620591640472412109e-01
5.662586688995361328e-01
5.699678063392639160e-01
5.731563568115234375e-01
5.757920145988464355e-01
5.778401494026184082e-01
5.792642831802368164e-01
5.800255537033081055e-01
5.800834894180297852e-01
5.793954730033874512e-01
5.779170989990234375e-01
5.756026506423950195e-01
5.724052190780639648e-01
5.682775378227233887e-01
5.631722807884216309e-01
5.570415258407592773e-01
5.498378276824951172e-01
5.415145754814147949e-01
5.320222973823547363e-01
5.213103294372558594e-01
5.093297362327575684e-01
4.960342645645141602e-01
4.813812375068664551e-01
4.653323292732238770e-01
4.478541314601898193e-01
4.289197623729705811e-01
4.085176587104797363e-01
3.866541981697082520e-01
3.633472323417663574e-01
3.386250734329223633e-01
3.125274181365966797e-01
2.851055562496185303e-01
2.564230263233184814e-01
2.265623956918716431e-01
1.956758499145507812e-01
1.639487296342849731e-01
1.315705925226211548e-01
9.873165190219879150e-02
6.562235951423645020e-02
3.242700919508934021e-02
-6.878823041915893555e-04
