# Prediction for PIKAN at t=0.25
1.263022422790527344e-04
1.654618792235851288e-02
3.288248926401138306e-02
4.914079606533050537e-02
6.532598286867141724e-02
8.144228160381317139e-02
9.749312698841094971e-02
1.134815812110900879e-01
1.294104158878326416e-01
1.452821046113967896e-01
1.610987633466720581e-01
1.768620312213897705e-01
1.925736665725708008e-01
2.082354724407196045e-01
2.238488942384719849e-01
2.394156306982040405e-01
2.549369335174560547e-01
2.704138755798339844e-01
2.858418524265289307e-01
3.012119531631469727e-01
3.165183663368225098e-01
3.317572474479675293e-01
3.469266891479492188e-01
3.620248138904571533e-01
3.770484924316406250e-01
3.919942975044250488e-01
4.068577885627746582e-01
4.216338694095611572e-01
4.363162517547607422e-01
4.508981704711914062e-01
4.653716981410980225e-01
4.797273278236389160e-01
4.939472675323486328e-01
5.080094337463378906e-01
5.218919515609741211e-01
5.355734825134277344e-01
5.490329265594482422e-01
5.622496604919433594e-01
5.752040147781372070e-01
5.878769755363464355e-01
6.002503037452697754e-01
6.123070716857910156e-01
6.240311861038208008e-01
6.354072093963623047e-01
6.464215517044067383e-01
6.570614576339721680e-01
6.673155426979064941e-01
6.771740317344665527e-01
6.866286993026733398e-01
6.956727504730224609e-01
7.042999267578125000e-01
7.124975323677062988e-01
7.202478647232055664e-01
7.275316715240478516e-01
7.343286871910095215e-01
7.406166791915893555e-01
7.463719248771667480e-01
7.515686154365539551e-01
7.561786770820617676e-01
7.601714134216308594e-01
7.635134458541870117e-01
7.661736607551574707e-01
7.681229114532470703e-01
7.693302631378173828e-01
7.697628736495971680e-01
7.693864107131958008e-01
7.681644558906555176e-01
7.660590410232543945e-01
7.630304098129272461e-01
7.590367794036865234e-01
7.540350556373596191e-01
7.479761838912963867e-01
7.408068180084228516e-01
7.324714064598083496e-01
7.229130268096923828e-01
7.120730280876159668e-01
6.998914480209350586e-01
6.863074302673339844e-01
6.712591648101806641e-01
6.546851992607116699e-01
6.365230083465576172e-01
6.167118549346923828e-01
5.951917171478271484e-01
5.719052553176879883e-01
5.467985868453979492e-01
5.198307037353515625e-01
4.909896850585937500e-01
4.603494703769683838e-01
4.280222058296203613e-01
3.941360116004943848e-01
3.588283658027648926e-01
3.222451508045196533e-01
2.845384776592254639e-01
2.458672821521759033e-01
2.063945531845092773e-01
1.662870347499847412e-01
1.257131248712539673e-01
8.484268188476562500e-02
4.384411871433258057e-02
2.883538603782653809e-03
