# Prediction for PIKAN at t=1.0
-1.342803239822387695e-03
6.625920534133911133e-03
1.429042220115661621e-02
2.169764041900634766e-02
2.888108789920806885e-02
3.587044775485992432e-02
4.269286245107650757e-02
4.937331378459930420e-02
5.593490600585937500e-02
6.239899247884750366e-02
6.878527998924255371e-02
7.511243969202041626e-02
8.139769732952117920e-02
8.765761554241180420e-02
9.390752017498016357e-02
1.001624315977096558e-01
1.064361482858657837e-01
1.127341166138648987e-01
1.190528869628906250e-01
1.253885328769683838e-01
1.317368894815444946e-01
1.380930542945861816e-01
1.444500088691711426e-01
1.508003920316696167e-01
1.571370363235473633e-01
1.634528040885925293e-01
1.697408556938171387e-01
1.759945452213287354e-01
1.822073757648468018e-01
1.883732378482818604e-01
1.944860666990280151e-01
2.005400955677032471e-01
2.065297365188598633e-01
2.124495208263397217e-01
2.182940691709518433e-01
2.240581512451171875e-01
2.297367006540298462e-01
2.353239953517913818e-01
2.408139854669570923e-01
2.462005317211151123e-01
2.514774203300476074e-01
2.566385269165039062e-01
2.616774439811706543e-01
2.665874958038330078e-01
2.713621258735656738e-01
2.759942710399627686e-01
2.804766893386840820e-01
2.848017513751983643e-01
2.889614105224609375e-01
2.929472327232360840e-01
2.967499494552612305e-01
3.003598451614379883e-01
3.037661910057067871e-01
3.069576025009155273e-01
3.099215924739837646e-01
3.126443624496459961e-01
3.151109814643859863e-01
3.173049390316009521e-01
3.192082047462463379e-01
3.208013176918029785e-01
3.220643997192382812e-01
3.229823708534240723e-01
3.235440254211425781e-01
3.237374722957611084e-01
3.235490918159484863e-01
3.229612708091735840e-01
3.219553232192993164e-01
3.205125629901885986e-01
3.186140060424804688e-01
3.162407875061035156e-01
3.133747875690460205e-01
3.099979758262634277e-01
3.060933351516723633e-01
3.016444444656372070e-01
2.966362535953521729e-01
2.910547256469726562e-01
2.848874926567077637e-01
2.781237065792083740e-01
2.707543969154357910e-01
2.627726197242736816e-01
2.541751861572265625e-01
2.449696362018585205e-01
2.351686209440231323e-01
2.247872352600097656e-01
2.138403654098510742e-01
2.023454159498214722e-01
1.903226673603057861e-01
1.777953505516052246e-01
1.647894233465194702e-01
1.513341814279556274e-01
1.374623477458953857e-01
1.232096180319786072e-01
1.086141541600227356e-01
9.371667355298995972e-02
7.855878025293350220e-02
6.318400800228118896e-02
4.763745516538619995e-02
3.196548670530319214e-02
1.621548086404800415e-02
4.354268312454223633e-04
