# Prediction for PIKAN at t=0.75
4.134625196456909180e-04
9.158492088317871094e-03
1.772018522024154663e-02
2.613357454538345337e-02
3.443150222301483154e-02
4.264387488365173340e-02
5.079801380634307861e-02
5.891866981983184814e-02
6.702700257301330566e-02
7.514189183712005615e-02
8.328101038932800293e-02
9.145464003086090088e-02
9.966045618057250977e-02
1.078942194581031799e-01
1.161513030529022217e-01
1.244265437126159668e-01
1.327144354581832886e-01
1.410093605518341064e-01
1.493055373430252075e-01
1.575972139835357666e-01
1.658787280321121216e-01
1.741440743207931519e-01
1.823864877223968506e-01
1.905993521213531494e-01
1.987764388322830200e-01
2.069115936756134033e-01
2.149992585182189941e-01
2.230339348316192627e-01
2.310105115175247192e-01
2.389242053031921387e-01
2.467703074216842651e-01
2.545442283153533936e-01
2.622400522232055664e-01
2.698515653610229492e-01
2.773726880550384521e-01
2.847979664802551270e-01
2.921220660209655762e-01
2.993398904800415039e-01
3.064459860324859619e-01
3.134352862834930420e-01
3.203024566173553467e-01
3.270421028137207031e-01
3.336488008499145508e-01
3.401171267032623291e-01
3.464414477348327637e-01
3.526157140731811523e-01
3.586336374282836914e-01
3.644885122776031494e-01
3.701727688312530518e-01
3.756783902645111084e-01
3.809965550899505615e-01
3.861175179481506348e-01
3.910304903984069824e-01
3.957230746746063232e-01
4.001817703247070312e-01
4.043912887573242188e-01
4.083344340324401855e-01
4.119900465011596680e-01
4.153313040733337402e-01
4.183284342288970947e-01
4.209496080875396729e-01
4.231669306755065918e-01
4.249552786350250244e-01
4.262885153293609619e-01
4.271391332149505615e-01
4.274784028530120850e-01
4.272763729095458984e-01
4.265025258064270020e-01
4.251256287097930908e-01
4.231136441230773926e-01
4.204348921775817871e-01
4.170576930046081543e-01
4.129528403282165527e-01
4.080926179885864258e-01
4.024503529071807861e-01
3.960010409355163574e-01
3.887216448783874512e-01
3.805911540985107422e-01
3.715912699699401855e-01
3.617070019245147705e-01
3.509231209754943848e-01
3.392260670661926270e-01
3.266071081161499023e-01
3.130710422992706299e-01
2.986310422420501709e-01
2.833068370819091797e-01
2.671235203742980957e-01
2.501128315925598145e-01
2.323121428489685059e-01
2.137650251388549805e-01
1.945208460092544556e-01
1.746338605880737305e-01
1.541595458984375000e-01
1.331584453582763672e-01
1.116947755217552185e-01
8.983680605888366699e-02
6.765589863061904907e-02
4.522629454731941223e-02
2.262346446514129639e-02
-6.803125143051147461e-05
